100
258 497 18
576 1292 37
606 744 33
870 1850 46
842 306 2
1935 957 14
1577 527 45
1728 804 18
135 25 40
1806 1877 2
798 1454 45
1649 1178 16
674 468 29
1087 726 14
181 876 36
487 920 45
1979 1763 21
981 882 0
1795 1037 48
704 876 44
914 111 44
1942 1570 45
1973 165 23
1945 1147 4
43 1646 25
894 311 22
239 805 37
607 1683 29
1000 921 15
1688 1285 40
21 1099 10
1645 797 31
832 1636 43
325 1995 12
1497 670 6
96 581 0
337 123 28
1001 972 42
338 311 22
1184 221 35
165 1779 30
1066 794 20
1028 392 30
648 1251 29
1750 1724 24
1025 1143 34
348 938 30
1171 1814 0
1463 470 20
1377 966 32
206 1807 17
1554 907 20
1635 1018 30
1169 1132 7
1809 1548 16
790 220 21
1411 337 32
554 956 7
363 1501 24
1579 1326 33
1312 851 44
928 502 28
646 235 32
1972 1946 33
662 1448 32
412 1672 29
523 920 36
490 1482 25
506 427 6
1351 1224 40
1531 967 34
1733 920 44
1397 643 31
784 1428 46
1144 1666 47
184 994 20
1983 980 40
520 723 49
857 1609 25
1255 189 2
1840 1905 13
627 138 28
1973 1197 38
812 302 7
630 643 2
1494 702 49
1475 1650 46
667 1020 5
1256 249 42
960 1597 45
695 989 25
632 427 19
1937 882 13
646 487 19
718 709 6
89 402 2
81 1456 30
1570 632 20
136 1278 24
24 179 12
