100
583 100 512
276 506 193
194 864 761
950 978 122
760 451 501
724 796 922
726 438 972
252 553 448
632 652 197
270 209 354
687 758 732
730 912 940
934 944 14
138 807 42
255 323 479
707 176 80
752 352 433
206 375 298
366 473 857
640 424 645
202 724 115
637 933 76
859 506 873
170 646 970
98 832 38
5 875 515
319 449 393
583 297 926
699 402 1
517 357 417
780 465 571
711 322 697
500 814 300
180 870 479
966 527 562
900 292 614
632 255 181
464 166 463
267 541 926
528 929 929
812 456 902
895 362 440
385 704 160
395 520 344
501 652 153
762 459 768
128 931 697
654 381 107
838 613 604
714 770 813
656 605 748
2 751 198
161 196 935
441 821 363
623 115 592
571 357 47
663 998 235
696 945 485
822 726 838
825 140 716
731 110 164
558 531 554
349 370 595
160 1000 40
250 243 486
864 558 666
260 684 432
226 191 524
734 421 695
503 928 779
123 664 778
728 962 732
422 584 219
508 543 427
166 691 744
628 903 802
668 964 23
513 931 7
69 254 352
124 421 689
620 964 211
349 396 991
721 482 640
214 310 953
804 473 672
572 299 118
158 382 363
952 142 586
675 408 662
272 164 989
73 525 977
554 684 263
884 616 434
707 642 367
632 472 104
559 432 208
807 962 190
252 264 425
189 505 924
171 498 263
