100
486140840 762698125 556420950
758431047 134932317 332207165
951959635 878745570 750451519
400311083 805209325 826127319
644824551 37999585 598022945
522357353 816703656 763024187
5559377 972935023 18764926
250574968 698818896 571835399
636469185 847221726 549502352
252638647 519274519 14727729
734797327 642760771 73543448
850007636 862309167 390079522
6506194 968263284 52859957
24935790 669282817 228334003
981084622 582205867 253454245
146107280 490737708 250821132
371442275 314170135 742605858
291257625 184543571 829255244
82021384 481887393 122377454
765128627 809941757 628199544
120662394 254850011 241153604
121283599 105847046 533016111
876390283 828750693 195968238
55773011 702711238 32177988
22782542 456882196 493701469
600314651 770096324 864563544
285665964 644653965 262187102
403272936 737459881 704450163
199960077 739487466 528539812
773530571 35997865 483376720
504911873 397446447 769941210
923749037 253128808 15179265
182048708 147159177 478270125
532684731 131598916 482358944
531290924 705412452 135882404
476917715 661789820 223584891
722921340 880019800 421007696
251511100 980735946 252060234
853930116 126955364 224861536
284955593 70534636 896166908
486220157 434983399 718658083
879398352 281811749 857854775
609522474 252177132 261419881
867284917 806251734 394029834
871010124 241442861 309214416
260893342 147372232 849767279
982781800 834358048 842846125
865174317 549201125 77876786
221994752 410022540 105360248
644098924 862186566 436154179
323749253 879165529 8501048
39486038 517000250 655233803
90160697 251682672 938614851
151878269 63763300 748965988
767550250 458948579 915883211
334444081 958589680 655773122
438068327 456124521 862593256
981614869 142200882 366047525
183292419 148413921 499969168
600199872 746981221 311080472
268300660 473171897 882211072
519749918 526248717 458690515
112799271 989530906 797269538
557303965 802848607 489561986
550498947 346876047 826079844
549862134 301092003 949719247
212728200 247611003 444539506
102401731 528502923 347300390
551578456 599887703 953518634
185867464 113243911 519993352
93019981 862266697 231195721
43105968 69447900 20340006
20778580 546334430 248673194
110241652 213946630 806333092
697028134 986558139 783069867
716618885 485435320 811023915
223659640 292783014 50114917
288652744 461632916 50027343
153314449 724404691 519122672
626268226 832388619 956816529
415038817 692122597 180251248
598316809 707899649 624365055
632434194 869863185 639563763
171901785 818729200 827216023
11503464 151265506 599533639
169266930 965664214 952032911
232448053 903455122 403289707
389677436 148732509 181811534
69830537 136455746 443064553
829668678 716224051 154594798
788180367 540715411 550445904
246156596 850513825 777603904
923156368 294373147 448909783
35660862 56821460 638161901
795608569 350856404 265342755
892745619 445419334 864201665
759523588 72844379 960085566
430553667 513851702 333896581
315284942 720462391 868929333
180770968 612593134 27104016
