100
166 940 44
16 1949 5
1439 784 27
1048 657 20
1727 959 4
1005 1906 28
197 871 36
1879 749 9
1601 801 39
1515 251 23
871 1135 35
1887 944 46
1047 1740 6
1500 1033 13
187 1562 24
327 616 20
391 1300 31
1394 1571 25
965 285 31
1111 1002 27
1469 1204 45
285 1855 38
1950 633 1
637 1777 47
1963 596 24
51 1172 24
290 417 44
914 643 42
1518 1220 8
1684 540 16
917 483 34
74 943 4
1840 192 48
1922 917 1
1343 1937 6
1051 128 36
27 522 22
943 703 36
51 1657 18
564 1932 27
945 1323 6
919 874 48
344 1912 27
504 1138 40
1487 369 24
1827 1730 41
680 387 40
1909 733 18
1940 992 40
1960 481 21
1039 1214 35
1209 1067 38
1422 1108 44
1182 1231 44
1359 495 35
657 1444 6
361 1449 48
717 24 35
668 1590 3
1436 411 15
803 1629 46
698 87 17
1892 1708 37
1373 1648 44
1585 1112 43
1379 1580 8
1175 355 38
10 1667 8
1170 1543 4
548 290 28
1520 1989 49
1742 1213 10
906 258 23
372 61 20
78 1023 13
1509 1546 15
1497 1037 25
334 686 48
1598 887 49
197 1262 34
402 1009 22
586 386 15
866 320 28
1863 260 30
1909 711 35
773 829 12
568 881 39
917 183 30
467 1936 13
85 1244 12
677 1068 2
1647 1176 47
1458 1605 32
509 1164 3
455 652 34
1828 247 6
12 1166 20
995 577 18
248 1267 10
1907 201 35
