19681564
13384935
13423153
8758287
12491963
5662829
7354237
218002
16508822
9774003
9700955
1229336
11343502
11734118
1983527
15117000
2716062
2983480
9018657
12459929
12169986
14761004
15174743
17074744
17203664
16616660
9580547
2355613
8668739
15279121
19720469
3929865
18219301
6095307
4265043
2932649
10661108
9454098
11696380
9502050
1281222
19052908
2924153
6569230
6184104
8555359
11760025
12662333
12713864
6481861
4613145
3199139
2837738
15059505
16673289
7210472
9924123
19496468
6741275
3088827
14091956
14991534
7359325
16328860
3869142
10207362
8296733
8542472
11210652
8881110
18921209
6178861
10567873
15819805
1451594
2668637
10568627
4372387
15591633
3040114
11110836
16401308
3330747
1169165
15711695
3039737
8861726
1596945
14906058
11453933
2911748
8029861
13510100
2240746
17364608
16180329
4152590
6569732
18217165
18847904
