100
50197984 70280520 43
69694285 64843844 8
36300058 22921219 43
55638332 45646963 15
58412206 52349571 20
13183283 70207845 24
17976562 52928239 49
45916101 50068659 24
82374650 38031944 37
95930398 94031442 8
86653924 46847608 47
36117600 53114288 34
13968439 29774501 0
37577699 11439406 44
15062760 44445424 18
74309927 24841630 3
82900481 85826581 7
31412515 48520864 47
7645022 40252715 30
99431967 4260540 26
43114948 10772941 12
70834198 70617558 24
40839169 89227826 17
33645753 39477963 9
89088632 12141487 1
4274732 98838957 43
80020121 4134012 26
87513955 90510599 41
82770831 79637613 46
13256653 24207075 40
99463283 81828706 3
25782600 20157219 26
78216517 56757278 42
15904071 10713683 35
22067884 25031354 49
45376825 69786304 38
22942267 15876556 6
47587041 37577149 2
67487680 58073011 45
85685305 60635967 14
15129607 48311740 7
85901828 86065259 24
5671819 49242533 22
74494047 12608870 35
90123742 13987909 38
30902765 24134657 11
18931211 90833585 37
99485361 84862464 9
49719167 13009088 5
26032421 38285681 3
5417334 64275912 37
64477057 90617927 5
41370293 56165439 19
25049218 12674199 15
71345224 72535610 30
2541024 3988100 41
73602830 74318843 43
94774962 93524273 15
80149572 37523951 38
40524381 29540978 18
73970699 60577248 18
68151010 27379276 13
3656918 70671064 47
17223344 19359510 4
28575795 73686581 37
60655681 87689237 40
97728087 32204920 32
15716589 17441201 12
98790687 45365418 47
90541642 84213800 3
52605230 59329217 41
56008490 61440331 40
1609915 13874707 34
75799028 33583506 47
63812411 26593205 25
9183116 65506735 5
27226485 59290078 25
18364916 3514237 27
43546134 39819539 32
48970404 94817871 17
47215330 60480356 20
7255652 84986177 19
87088851 84180455 10
44948174 29346019 42
65638645 90007737 29
29240117 18877547 15
6407461 46990168 12
98776154 16370236 17
39888229 67717858 14
78024660 14119598 29
26280073 13270693 7
85980730 11904136 45
58206252 74356501 42
1030177 43193561 15
92601940 83696784 2
14658679 16052958 23
66861299 10255252 49
7021605 65279008 25
12339023 46797191 40
52813155 26516904 38
