100
39646036 11988076 36
33419023 2684939 34
34479643 30467732 0
42454803 60552078 24
81387213 9180660 25
98382283 17847437 49
84215190 47372059 10
32586297 18305973 30
39324416 36628076 12
15970150 86845547 41
55926886 94565599 20
61843032 67533941 18
22482974 63250135 7
74967605 69674244 41
15021600 39127850 14
57946552 36392275 32
67008272 27231661 8
74227152 18264445 18
33828841 4777419 11
9016297 90023536 19
22262648 73267270 40
29487740 91221753 43
14327011 44938228 43
83361777 77762722 31
29952214 39527411 22
37266718 82769144 4
98853250 50123074 15
78776170 4755999 0
88606234 12739597 35
27982234 97675497 21
86606358 72410547 17
82792969 33733440 2
69421345 77311930 40
24227486 44497004 40
3828640 98019800 45
81953725 31145139 18
81824818 40580805 25
11567671 84544292 13
87215306 3182554 1
12028774 62163915 31
47769520 94720067 7
66974191 37638590 29
96482836 99061416 20
78961964 63941489 29
1910904 16816522 15
82367209 46865631 5
20706201 78284807 33
30469303 21590310 3
54900087 87941019 39
19349954 88130838 2
82740334 11382041 41
56071264 42454434 7
5822053 1813604 8
14951964 14958367 32
59617637 19936673 26
89315697 58465122 8
47251186 4346609 20
70667118 55151298 5
88900125 48927286 36
67299857 29781478 28
19691710 87317110 30
6733413 22395431 28
55247782 14265121 24
39477945 15478289 11
85291724 39499580 47
13265056 73133876 22
58465933 46372026 8
77244684 95884854 49
45163862 18718156 37
44719808 46652400 11
78357929 47816900 47
98231314 73728286 3
72887680 72124558 37
69003142 68960184 24
26671713 69707036 39
43677581 76497240 29
88052582 90634414 34
99638329 31349302 1
42984157 30756761 13
183251 6782114 11
70949566 49433044 20
18876039 45648138 21
70567985 28711256 13
53332457 13815204 37
10777379 69478778 12
57005866 11260216 43
64948466 50152167 0
71131198 60969746 40
90835004 77610681 49
80269882 96181313 11
34679969 60100367 19
53271997 18404268 0
35212184 8982509 10
47324984 90633762 0
68531840 72817108 13
84034947 9156538 10
23707197 59522831 47
98885945 57975862 12
4277556 50950596 49
37020824 11830459 16
