1783364
833624
765527
1971549
1608276
1059872
257271
593491
1454776
1139130
128520
1769599
1794733
1541533
954666
1955544
1403598
320802
652261
1812185
839383
760433
466951
1703111
312742
153738
1947537
1462893
1665434
734102
1916383
1763561
291415
1044055
1545308
1271254
118871
186807
1513406
1183473
665410
1589911
169970
306428
1757890
1055244
946253
679320
807522
2416
349503
1356141
1738901
1624191
969153
148145
1168865
1185653
1327711
1055245
1046607
266812
923360
1672352
1688532
61158
1964920
1902177
1731958
1822313
556336
762568
534302
190224
125714
1571428
1494136
127287
1904535
583424
1048200
530467
1513519
1965495
1694247
1690508
1375801
1949780
1154146
940673
941849
645322
1507886
1885479
1050322
1846235
1584007
82560
1604943
819455
