1683204
846391
844968
501759
606727
1963583
178627
1704139
707636
116897
326595
1025620
1845037
420538
1315258
1681879
188322
566311
1001713
101251
1024336
491944
1217891
1261008
676322
1805217
1222571
1519147
1186555
580996
1311134
445533
277981
1995905
1539754
743652
1906035
1188698
1556507
810895
1846721
1907320
1020801
388293
1168434
1022372
582715
1060234
1120737
686910
918410
321445
1400552
484913
496362
1405823
573768
1561776
1315199
945622
1855046
730599
1240589
1871338
1980488
1371150
1877847
735524
1923382
1964447
426480
832868
752208
347220
809667
1710987
1796665
1426917
1033762
172801
999793
1948551
1505767
1727891
1161848
159070
566376
147274
1463461
1726179
817970
1432071
710255
233871
1111377
1656382
1847294
1753463
1966066
1579512
