100
192 239 412
579 700 840
411 326 1
326 585 128
832 721 710
737 919 673
234 693 149
480 473 882
613 559 763
984 443 503
469 755 473
840 109 592
285 362 129
182 104 786
372 916 953
993 197 416
491 974 398
832 776 356
709 908 45
63 987 125
410 363 736
948 752 29
216 244 591
888 660 727
121 476 251
709 975 869
446 561 363
227 953 224
567 113 167
917 228 333
289 642 260
803 129 124
847 439 832
567 150 606
124 839 474
424 415 57
280 148 453
815 446 709
116 813 514
407 129 654
522 844 813
860 533 557
779 526 332
835 910 977
842 172 835
720 465 13
856 186 825
750 689 229
14 343 384
640 252 960
981 147 600
390 353 71
347 838 635
134 847 347
366 328 196
663 877 820
14 584 139
687 935 85
718 553 299
291 190 2
664 743 9
80 854 524
907 579 614
213 162 546
428 754 76
315 170 896
986 917 259
24 670 37
548 838 529
894 247 971
8 102 761
366 953 234
534 459 639
749 977 287
826 710 779
759 753 112
489 361 781
500 351 532
756 348 916
853 907 214
776 464 38
768 423 473
974 938 760
153 694 844
916 461 41
94 611 419
235 389 289
721 542 773
932 235 262
768 624 512
344 291 646
293 636 189
95 102 980
855 601 641
551 594 345
703 487 376
894 492 820
2 914 787
808 502 679
555 138 383
