720811
1467144
616914
738756
498595
718566
1350602
418955
55432
1122756
47479
1510392
1432504
1743045
309354
919867
575763
1833260
1414934
807532
1319900
1261171
449039
1991100
1442801
1626244
1309267
1673995
1071704
508099
449242
3419
812256
1439645
754946
934847
1910442
253462
1074679
506762
188584
1825476
640226
575427
1436
123400
492597
1562898
945312
1353446
1641533
429035
755490
60185
1097166
1220938
1288009
922579
1306268
1060717
1261490
1473348
1855740
593095
1877840
297638
1943059
1310248
1951134
2562
980011
1275189
1245980
963026
1153981
545052
1069249
1119704
291046
715898
1942829
883366
68148
1560228
116187
1362439
896373
333557
1781755
1078339
532176
150048
52993
11099
642247
1930798
1448721
1767931
1893228
1309904
