100
485 456 921
140 203 994
497 825 340
849 589 596
106 759 533
916 289 870
662 540 414
607 977 1000
670 317 980
348 564 634
103 425 695
591 346 593
549 753 337
606 748 523
380 208 512
430 993 489
433 463 621
486 494 920
957 377 47
628 847 408
933 448 794
641 158 181
651 564 983
643 588 954
555 262 412
793 693 334
929 723 667
836 498 260
984 707 16
892 162 665
225 386 637
817 866 338
991 309 959
902 410 466
670 750 115
457 772 229
77 150 352
234 982 340
829 495 255
325 684 715
981 399 171
54 192 22
387 728 406
951 940 635
171 124 166
214 271 508
466 865 32
134 640 583
203 434 238
944 622 435
328 107 972
241 906 88
692 797 293
432 732 950
851 472 936
15 768 177
228 315 476
636 543 550
774 165 828
271 660 441
327 142 300
872 840 337
957 636 921
277 743 770
32 878 553
6 583 849
230 322 143
651 539 263
562 644 403
684 972 61
346 308 123
368 344 35
574 175 125
224 716 2
141 175 284
54 842 360
270 236 129
882 316 764
505 458 836
990 210 686
101 544 498
326 371 881
457 804 436
76 450 705
214 806 776
360 740 358
124 105 916
441 892 264
875 359 459
217 445 232
149 120 461
654 178 410
217 485 52
482 618 820
190 762 578
866 184 899
345 948 701
10 175 555
731 857 211
132 568 900
