100
46526926 84160238 22
36075024 42319546 11
22767428 42248400 39
72097460 25087937 26
12178417 30336358 12
22657878 98179147 11
94728460 8931347 0
11100691 85206939 43
58812442 35381797 46
91574417 5844844 36
41422727 16329707 27
59386650 51280983 24
65550783 92251886 6
58432855 21026880 16
12062298 65762864 2
4194017 84093993 32
13525646 9416105 30
56012392 28315542 14
73170014 50085677 26
6448979 5062542 8
28582217 51216839 24
79886702 24597189 7
76539984 60894544 40
68275816 63050385 16
36743861 33816084 39
63688270 90260840 31
64999945 61128541 22
28138433 75957323 39
7919001 59327795 48
55362845 29049783 17
42729136 65556695 46
24414038 22276635 28
71885545 13899052 33
13688937 99795235 34
98094551 76987672 2
49318926 37182603 33
32819875 95301755 36
87497241 59434886 42
48785214 77825324 0
29873124 40544753 48
41839225 92336023 29
64851879 95365984 0
8015001 51040083 41
87200519 19414652 12
75509658 58421717 11
33177686 51118570 28
90678343 29135708 14
60874347 53011724 29
3020967 56036841 18
28073539 34345486 28
35288733 45920501 2
2308131 16072277 47
52187904 70027617 45
35335544 24245665 46
3885500 24818115 34
67173231 70291148 44
60896409 28688402 49
48663676 78088816 17
14227238 65759919 25
58271831 47281073 38
56846174 92752307 44
85627570 36529939 34
2064141 62029458 38
46276987 93566882 40
82797673 99024397 48
49617561 68557507 48
8307711 93892331 6
36517477 36776208 47
16623286 96169080 44
89158825 98222336 45
37068198 21324004 16
48432735 41643393 41
49304448 37610393 12
97311703 17361034 40
51149730 40483314 20
61076081 85549323 33
6871703 89833224 12
71742165 71345889 26
99170591 51688122 3
30845438 8640041 15
55733853 49989647 19
29021934 97427527 39
18750266 75288307 40
48894961 86394550 40
68334407 58092428 23
14131791 7953495 26
14265564 28318774 8
2898960 7363690 13
66276325 73173056 41
83539781 86308925 39
40609701 40898466 49
23984261 71603553 1
98002200 35512783 48
57686756 11693523 14
15726728 55568822 25
18487892 82819112 32
18779876 92364692 32
7993828 87673136 2
59679913 98303299 32
93277129 78975609 3
