15253963
2698646
17574911
16104186
759991
16334073
19458700
13976378
16944435
10385490
12855216
17246183
19365266
13385657
11644117
9814755
6283403
3690872
9637748
16198835
5097001
2116941
16575014
14054225
9137644
15401926
12893079
14749198
14789749
719957
7948929
5062576
2943184
2631979
14108249
13235796
17600397
19614719
2539107
1410693
8699668
5636235
5043543
16125035
4828857
2947444
16687161
10984023
8200450
17243732
17583310
10340006
5033654
1275267
9178972
19171793
9122490
2844018
2968278
14939624
9463438
10524974
19790618
16056972
6937521
6021840
4952220
10570059
11997754
2264878
17245334
1388959
10926689
4278932
19731163
9708706
5855660
9232658
14488094
16647773
13842452
14157993
17397264
16374585
3025310
19313284
18069103
2974650
2729115
14324481
10814308
17010277
5887463
1136429
7017128
8908386
1456888
10277034
14409248
12251862
