100
1286 1573 28
21 1347 47
1242 1216 3
313 136 44
1352 1472 0
627 258 47
247 300 44
610 85 8
460 34 41
1966 1554 18
1025 1323 28
1543 1579 21
832 1607 6
1486 1524 8
1581 1715 49
806 1218 5
925 42 41
450 1104 17
1043 963 26
834 1320 24
1528 741 44
474 1458 18
1837 1947 34
1910 1510 19
1458 588 6
2 695 3
281 957 31
645 1202 9
334 1868 21
1518 289 29
835 388 37
499 1157 9
535 1938 31
607 1451 24
1283 927 49
1035 143 7
188 632 17
1779 359 48
737 125 35
1074 1961 16
1203 902 35
1294 1219 30
891 175 31
1958 1543 5
60 35 22
78 229 24
1294 503 35
917 1011 1
751 796 0
508 371 25
312 1809 29
992 1390 13
115 1017 23
1580 1147 41
1385 223 12
349 117 25
1880 1251 47
481 1823 34
1876 155 33
1485 1572 40
643 1335 42
738 508 46
244 1926 33
714 472 7
833 1018 47
674 1099 30
1064 1723 25
1975 1744 26
132 1373 11
1930 872 36
1825 959 16
931 512 30
1963 778 19
274 194 14
798 684 7
697 256 0
1819 402 31
247 205 25
1026 954 30
141 433 17
1363 226 46
1249 1601 43
575 976 11
488 1210 17
1077 953 49
453 1569 47
45 1810 18
426 805 47
683 762 21
1624 1311 27
1424 1966 32
1401 864 48
564 859 30
1922 419 1
39 402 8
824 1177 37
1680 841 14
1 670 30
255 1683 38
1420 1493 42
