100
79930831 984078208 15937221
367135362 669246731 155921740
681860285 671157692 347172581
170859293 437914338 373092595
849832289 624598148 194714383
100140888 283141478 127737171
520135505 367711882 856721300
909870527 10900093 251744849
597474569 825441069 158156078
396730378 488700151 966123747
682529631 485047737 758102783
681794382 61466802 667435839
374900492 567175118 240554983
852212886 586705905 155151070
332918466 99176334 924991182
34295384 755850028 923225919
688777948 135803118 893017287
979209635 149174002 871797259
223469914 450932854 205063636
362531687 622996436 724647796
652120504 608499280 275639818
251107031 738050150 28129297
952703156 758737144 565123799
533820156 853737179 968798375
896521909 860183222 271928583
166514317 830833008 902571631
651536914 479027391 760170264
466312272 117780654 199102471
267849041 433436941 772406797
584578149 763956062 632192490
341838997 986023468 353401940
632956687 196493227 980199391
744207093 910965057 844940037
722015778 304765332 207860031
612138191 213252144 275407047
861732961 146632445 52848465
884598654 533055430 833350737
62337852 472704873 897197512
765585791 584818975 461207961
745309530 475102508 400980904
861971662 64061109 488386399
554742175 952645424 236396814
725781810 146207667 198340456
288147297 328461502 295552864
47377897 309205196 787154475
28392918 427767932 843256479
953032478 588001240 979299487
546118513 633116600 685710003
390911869 635693199 282891766
602194232 324093060 26416278
695674310 230657247 449032115
236764785 159956958 677948782
934820625 141886907 539816842
110663173 752975261 836144106
175994384 833664407 72832487
969992451 360523571 798926962
458352618 496206135 292075897
665631666 974823383 385688223
189964404 337063765 422667352
269973458 154441334 285638888
104107248 704597788 353135903
301804004 749576688 762835955
910177793 367966237 282878175
145489649 816443029 586956887
856986716 193457105 482253136
449837377 510368123 175714524
821102945 414836658 146486338
975236530 427123595 612151698
584742810 560532599 693525761
417152075 444055502 185156079
471184323 946060492 702457369
842884532 308943005 15582385
921500260 528393662 194795939
552748174 790990271 341543422
362494599 72579712 468862490
287263861 133431856 784512361
529307165 528431361 783256846
272540027 218619355 108291852
75418024 779581653 875848149
151255139 152005736 775810927
445009084 555541809 984543775
323267024 820065418 2019949
192401398 166537387 838816993
832222275 58458254 179336444
667644468 785584770 185937098
970905075 151986845 971215768
108488466 443086335 327407358
364957007 79847223 891155573
431153631 745302931 761378472
579436719 572696624 201501738
986134858 145587420 728288582
223856074 401493065 743635517
437672591 675505022 269140536
817959934 112037311 334476284
316021572 868230380 413082636
320946418 809016423 324082627
739704403 207629498 487385556
831393176 328486578 379358751
132451927 910858265 457755508
92486660 942395173 555135523
