265422
152207
1931107
628552
846152
96692
1944684
439514
1808255
964380
1585471
620495
467831
803296
668997
1777156
1384003
1616673
357113
1922034
150823
1831888
189700
1390014
1117758
1940881
1103273
365666
425916
1711470
1538964
1143815
1188316
1238889
525457
1315352
796960
122202
1794299
325095
1891245
495613
1924780
1834149
1376612
1516332
1758392
1668144
1365615
246679
502519
1333895
556109
1799824
217988
869820
1973507
1314965
1288344
1039414
902925
1117993
1477468
1337696
922838
1526731
1983248
195468
818830
1331834
615140
934844
411592
766603
1011156
1947116
651864
1373511
76256
505912
1282661
426763
1447954
709022
1686518
247694
1081582
189743
202371
1668412
1705115
834927
464215
175079
1962437
366326
627798
717624
1655556
71206
