100
822880597 979468172 613516546
511687113 348024117 548014231
605260835 325645236 575893913
136563689 384649018 529383454
635960330 845829447 977844099
917925152 228524690 113800460
904397369 998087585 997944002
3567784 692078413 805729361
523032769 331774881 221817617
411409715 572349079 602891129
479757674 44509786 711002028
493374717 637299711 646356953
889769659 257211581 991325062
252513603 619018278 919707587
850520669 412655545 246081706
257890282 976837517 588546558
823616632 579330730 914692818
456175429 50394764 948810223
453063439 555713666 28014835
919651577 950369638 965285819
538297675 608339052 226701585
161883165 897504563 672184829
30152813 959151585 701816537
438474671 803134469 562665013
919530343 540446719 889839394
388875335 377045747 86534167
500751794 781272651 289723351
553092028 547760923 825718924
419437594 881815760 373397744
611437797 315461002 257804882
455891629 972887991 154836713
89141755 233841476 728454912
667890644 125778029 123285546
10614390 663772979 815232525
414293474 416599387 258161892
293360607 548531189 236158912
18707345 652557499 861038748
770903576 287126788 902328939
391400155 71742612 281864544
865874326 427347071 12799573
146962047 922664832 796246129
48786453 881358016 996964296
566377362 72207608 228479692
658650443 683896534 230078595
760670699 785995735 58661446
573644521 648087800 483048543
880133918 314704012 913981047
462891176 424302765 143075956
778861638 753235088 813578798
523821337 81784046 707521460
859376750 38439979 936479258
410441939 872278793 407475232
111902269 758276512 773844261
466049056 838192113 276734827
845502016 862512743 238194923
194679468 921503588 803682054
895577665 991333774 993612516
455265433 998938595 142600594
482103038 480669379 269976408
623668866 586589888 521047470
77297495 746681907 355467561
548172596 506558939 159723550
525076180 717873543 312973094
694097611 418918732 530269330
995111784 16350679 675495021
932047952 134202481 688770764
532947064 472911731 425677489
805440397 144675771 792054050
360521868 799875998 565666036
54540620 515359144 354189462
969504548 430654762 104703631
213842200 778995055 824057894
536312313 560799114 735021510
565026374 163521845 526818493
786368229 604436461 649555165
141667311 711294632 712315463
206722483 989848107 124620095
962641164 962434717 81240451
862335067 479399398 361814643
247742378 213300280 373121182
773475565 143747460 514338669
760888145 748329412 554641185
789002517 87957742 83887660
601930809 951676703 173367082
195127584 152235027 57973296
91541665 200268723 471354373
769156418 611041095 280309351
520967334 997478728 973127768
533691431 689724985 551797014
915807038 671804786 480553946
252581348 120786367 912485771
873908322 588948708 494935624
505092913 786483850 150065268
98294457 964961725 129254920
958204668 197009795 654982556
717388771 756586157 69771774
991464307 126839683 173673902
884720362 84090385 872885119
960882994 353709037 475397302
564365590 297153924 51171603
