100
32811249 36040531 15
14872778 73357206 46
1031191 30845712 41
57049595 36937815 21
96497096 24929746 32
7083143 35928268 12
48705456 67530106 27
95392575 20947754 44
66378397 2771597 43
1580126 56137812 48
8718574 2373992 21
12210784 75519592 16
3262225 71625200 35
62505314 87152246 32
93319671 15467684 32
18586112 45993358 29
5471919 28788131 36
49912893 91663009 48
92624958 70746679 2
35227567 40376627 18
46668582 65994988 22
3019456 63058530 15
12947802 22451921 3
24110908 99554981 15
31108533 72140059 27
40167956 81312191 5
70274027 65463300 23
79559951 83699729 2
26962502 53585205 34
92254020 25404925 30
78477477 22462087 8
46481920 170987 18
58716663 40612761 39
49818628 71982261 10
12556091 37747284 21
96776053 46742338 22
86920404 95522138 40
24180336 12673076 19
70848751 53733979 34
92300103 25338099 2
27019386 9429187 14
71761770 91273787 15
97005742 32011292 30
37800163 28771352 10
42664394 71779 25
15725762 6170006 36
7746169 24629829 0
30368880 78144864 34
88798520 47265595 2
55948003 67672300 28
24388313 82076661 20
13302758 21451752 17
38694432 37774493 35
52819724 3009246 17
45914066 54858294 7
11735647 61046909 33
25553967 64400434 33
87843813 46128934 0
44939828 65313421 16
44714174 53035845 14
40179956 63074481 9
36901430 73667422 47
63557012 92787010 37
40467636 29654788 3
43413308 93892013 6
20349313 14881910 13
74775186 97152961 11
21315020 65512399 29
4539673 97556698 17
52319310 128121 18
46911121 49000593 24
74747597 63759477 38
423598 62298993 27
38486827 48151319 18
76144393 57699085 48
78092904 27252591 15
36337311 53462429 40
10995389 55985229 5
99178230 14552290 28
24609969 35794938 22
59448747 97141453 12
40144313 44168300 30
21275382 3407409 31
70165901 78011439 48
98420642 5809370 41
64326928 68121949 18
93473467 44818630 46
79401796 16677848 7
96713803 89087736 13
13655993 53916954 47
41941206 26608810 17
68964529 7502416 20
92962546 2649618 22
43019970 554945 34
85569779 32112327 30
72381934 96539917 7
39886971 72436019 32
37376440 88396518 27
35430479 94661392 31
17912121 65495210 11
