3739996
10860561
1459749
8460044
10554530
7043555
7279213
19100627
4508302
5945125
18741036
18155144
8266285
3101858
17483375
3280480
3030619
9996101
15566422
1348468
6197471
9865824
11204696
5989857
1319107
1173174
12942641
4889555
13216746
17741170
11299492
18981671
5436026
777813
8609173
17295431
7896703
2822095
2698127
17764006
9231519
17633206
4448601
15717341
708848
9726849
14619582
16783712
15059416
1619022
11601585
7828772
5125092
15543754
216461
13126154
6025480
19277982
2919679
6980199
833911
6900910
14529517
19796949
9087683
10213721
19404792
10820130
4582549
1019568
5645560
18050002
5356616
14499991
9900112
12194315
6834736
3904736
13991196
4322618
12731120
9503274
16236184
1003268
5528696
13963866
19698068
2621125
15960491
3534042
19242473
3674600
6948149
1796456
5376354
8277733
10111238
458257
19361649
4805509
