1745736
1021475
1291475
898410
552656
1220283
1159857
1127197
334638
1057801
736373
302213
1324461
587231
134840
1192877
1886767
274807
564791
924662
522732
723300
1308816
624685
1353696
78409
870475
1370077
1591778
721103
27599
1372946
1889942
1188795
409325
184307
346335
1447861
279478
906981
1692119
1489434
522006
1116987
782421
1859490
327788
654919
215380
810530
1332584
641964
687998
1205700
146625
431103
1501669
1846537
905271
508272
624797
1967709
339085
1442939
1123242
81333
621026
1059171
746798
49100
1344122
1014246
950441
793913
1964297
1342873
1652809
800226
1482440
1728763
42575
385149
1089722
1084478
31759
254419
559014
958482
212662
508763
1870633
221762
388348
776745
1955024
1032795
1571327
1459176
1716465
1825202
