100
373 285 21
322 138 502
215 854 764
802 340 749
509 501 167
334 875 799
434 890 99
622 993 545
201 594 357
293 283 255
433 250 450
932 220 954
494 445 562
387 504 193
284 530 629
459 181 488
234 312 43
613 298 339
525 139 824
579 862 729
793 627 255
573 152 228
317 649 914
114 205 6
574 427 498
279 389 124
624 267 954
91 911 568
873 557 649
371 824 560
816 289 624
233 454 49
425 321 155
126 992 272
843 188 906
881 967 216
771 872 289
60 127 162
206 505 175
611 871 16
789 327 769
250 973 198
509 717 109
218 501 691
71 294 855
522 365 465
425 803 991
620 985 781
625 740 990
842 157 542
958 290 617
77 957 728
48 690 568
63 318 56
901 702 737
71 570 868
421 913 289
803 475 582
173 416 715
395 964 7
689 249 859
261 130 917
841 290 892
598 687 627
169 807 669
905 540 569
385 405 38
400 508 373
398 940 25
946 397 225
988 229 176
721 785 233
739 642 875
455 571 909
422 823 949
410 885 842
679 404 222
855 669 471
275 541 62
856 919 142
185 848 399
622 950 147
3 216 365
751 332 778
179 748 6
466 534 698
710 248 233
311 894 98
24 480 125
661 888 616
471 606 550
936 280 114
451 421 388
429 378 826
352 703 625
363 235 932
621 987 822
655 687 162
803 336 60
609 663 168
