772816
426654
1721640
788083
184647
219372
259421
716421
994210
1341140
1309877
1303781
1105188
669539
585250
821433
1304932
880856
1737268
1616072
574986
1720495
56582
1616350
730989
332118
203512
1574392
1579493
1617505
1016557
185311
1114778
611361
1655496
336007
1952726
321884
990754
1363946
1790414
1825828
643133
1308980
63904
1067394
1988564
1826468
417521
720866
276529
246664
884678
1111433
458997
1135876
307670
1519668
427843
1285844
1051648
553344
1418289
1264651
418423
1252861
80183
1522793
526045
685492
456412
148186
1250684
1830385
52958
477917
407765
1476263
1936450
1807146
1588392
1770318
63153
1974010
427151
1926862
245892
1958639
1151438
1524713
380318
685055
676155
1325364
615829
589835
1030740
1713917
1482359
604491
