100
30322240 38640833 4
57834366 21332697 38
84944452 86082036 37
16303073 39404148 6
69960999 9232362 23
23239824 10968630 12
89654435 12971042 42
3825762 35821031 2
30378566 49710485 9
22728579 67057019 8
92514809 65493834 19
786635 65189032 21
22541989 55259401 29
79124076 33476960 1
44000881 29262483 34
49275736 41071638 15
67724871 65246599 2
60225528 44042835 14
29951547 86863401 26
61408952 80803589 26
96758646 28749303 0
83266866 86024714 46
56160352 2829062 6
11643088 80817499 32
41245908 36549469 37
83996293 16605903 20
95875982 10175604 38
22176466 78719625 33
5835347 78974650 49
16402021 80875251 35
3806977 50827827 42
69715110 9265540 24
82669817 55738886 15
34294451 30568055 35
66018053 82774786 13
77838901 16800364 40
40573815 97636286 5
69525296 16094152 5
7364910 49537700 29
44937331 68197298 39
34177802 89520716 28
87650688 91291423 6
74925601 32156674 46
55107422 65448991 3
49518645 3195241 48
68940626 53369664 24
12283051 99428212 48
31136213 91323423 27
4610362 20876073 21
18986862 36043279 42
75261795 13826471 40
17723727 12333200 38
99958785 44233867 21
41297152 55571627 2
89053711 22949824 49
92671605 56793831 43
33926737 15383491 14
68325861 75983376 46
28819652 21392163 44
71248128 64292207 18
78478908 52582398 8
27340839 27667221 44
37629283 70914451 41
44317497 63232557 47
93266765 20921175 15
25790861 62643029 8
68523581 4009138 45
20322937 76139637 44
96466781 26302272 15
81255544 34274591 41
91178269 22820601 46
21384913 7409279 6
38936686 62534203 4
28298175 91519252 37
85015445 2647878 13
36213043 23895807 10
88087530 20388264 38
27484883 73813144 4
27280617 96822525 25
64347874 90357296 6
15835141 79419607 44
69884882 88515893 41
7054481 3157655 32
73277244 98700535 44
43704666 21357544 5
38506138 96343122 9
48845290 12294585 26
88186627 97931928 39
84264946 57571906 21
76436555 76235656 36
3038846 19015905 25
52286404 34252767 22
24017069 33807750 44
22351115 66268187 9
49619588 30791488 3
58836562 29491774 28
87118203 51536964 1
88189843 85695853 48
64246932 74117946 30
37522295 30224531 34
