100
21 1375 14
1880 1736 22
571 587 21
85 332 23
279 494 46
1411 1316 33
336 785 30
1429 117 22
1312 835 20
943 1166 28
1696 80 35
1983 784 22
489 596 39
1211 1679 43
645 1718 17
1831 54 3
480 1974 28
953 698 15
433 1518 17
133 823 4
1288 1698 21
1118 980 29
1937 1894 36
1807 403 4
1768 786 2
1283 979 13
406 369 4
1097 1871 2
44 665 16
1897 1735 39
406 243 40
451 1912 40
795 1863 20
1642 1121 19
338 65 6
937 156 6
1946 884 23
1810 1703 17
877 1696 27
1912 1212 4
1753 477 43
1751 494 49
1350 1954 27
476 1504 27
10 1682 34
201 81 8
1159 1956 35
1024 406 8
1954 1111 49
741 1327 29
1613 989 35
583 1241 39
862 1181 8
1818 1555 37
1983 894 33
174 1924 15
712 1256 46
1276 1111 9
1891 32 9
740 1315 28
296 254 23
519 1783 44
1813 697 11
685 338 30
700 1555 49
520 624 42
158 1690 19
1288 826 16
804 379 44
1762 1394 37
1297 1020 1
953 168 38
520 1470 37
1541 263 47
1704 1009 6
249 1436 3
161 1339 29
1329 564 14
1106 232 33
856 237 49
1018 798 48
1569 234 8
915 150 5
579 1920 13
1426 1324 29
222 1882 24
454 961 22
1727 531 31
432 1181 3
1450 235 40
1406 188 11
866 1614 46
386 1807 34
1759 864 26
1231 560 7
1327 640 44
524 832 23
1325 1903 0
1388 1683 17
1835 976 48
