19589363
6960482
6512905
7692981
16916589
4570494
19961752
13841568
6635497
11446982
890196
12745994
5144232
12380365
8253111
19536750
11586614
1007895
11114273
19007392
12166781
17950091
19183032
16062689
10808935
7540915
15625453
10955218
17636315
6309220
19457760
4676830
2515561
13275459
8331988
10970624
13051150
5742536
1434852
8546941
18453297
17627160
1444152
13677931
15719914
12961757
6294080
8486055
15064702
1635681
768800
17445576
15165530
16763842
17250255
18430072
19826676
19978772
9613388
11731798
14933638
10131179
14357471
8378375
327013
2684050
9458235
2893516
15997520
10307183
8613095
15579901
11215982
3270437
12088729
14225893
19796962
19248694
9587988
4266006
2874950
14966588
1759154
19033534
3044701
4005375
12220822
19949574
13794500
13436096
2415727
11778975
15729678
19299235
3940196
15131724
2536793
1681808
7074181
5943079
