5679279
13678497
13135429
5358144
162861
16107548
11637161
4649459
8558403
19065395
15802063
5751841
1467634
6911041
6499175
7792377
6716538
8741165
16153787
1781194
17203976
7828288
5848050
3588212
17787261
13656629
1899583
5907999
6388535
13696700
15484993
18199080
10876186
7171525
13619126
16153703
1826011
10006156
4552898
10102236
406534
17565014
9499812
5342132
1285130
14817962
8343570
9113075
455365
11279889
19615021
5841842
17883431
2417179
1121870
19245119
8926599
14405274
11203577
6331347
16052721
3171824
6742841
18733591
14645713
10220913
18084521
11707860
10973607
4145414
7683231
13720224
13358757
19698277
14338711
15102112
5865280
5961330
10703837
6347745
7531819
13643431
3701493
3964943
10937860
12553921
9095376
4940501
1642109
16455491
2066172
7702898
4400945
3512065
2204970
7656050
19744736
9220646
3867941
6382567
