914357
276470
1210587
1537370
791792
900053
1855572
1466326
524041
1688267
1698760
12973
265905
8102
656294
1524023
1669587
1137683
1367378
798435
92933
1089976
207778
624863
851718
1083255
651231
223816
1975954
1678698
1208402
686946
1195210
547766
639954
67557
193432
813536
1270135
1816421
1344953
1708235
1884351
686744
10309
1674357
1668933
1196927
1205329
361165
1330828
1069270
1246581
514012
428238
980791
649898
846150
107416
1574343
923164
394975
777510
1016332
97433
1149347
1549171
1368996
933887
1656396
266351
298005
1044890
1166365
1271828
848875
31404
1678530
1681104
1383949
196039
211410
1087620
178262
1801023
1452227
525369
124929
1363334
1410720
1678320
1600974
1621246
1294935
812880
632085
1172400
1457860
1947353
1325710
