239762
53699
609354
1211042
183613
356949
947442
366119
732561
1736911
1891312
1350679
1265003
1393484
782557
727845
544633
365289
95549
1800471
1465345
1824435
898765
1555255
790548
1655383
1002462
95120
254792
1953510
1448211
674669
1546238
889940
1960396
622902
811616
1690886
63651
1243279
1894401
752772
1981229
1278829
336331
937313
1565696
431807
1758820
1762617
227641
849089
36272
299167
398734
1169303
86933
1103026
978546
595629
1746342
447908
285303
309566
789992
1462677
927440
1917697
374363
933048
956338
1474566
1442491
1379204
1394141
1529945
1812688
626986
615135
135643
988661
912963
574225
276304
1389575
225205
1003044
1219395
1552214
1923626
1202007
368085
179650
1812675
1456343
183131
1190456
1159518
1019012
236609
