100
52762007 89541852 22
49334923 82202723 14
21500890 98630431 36
66977098 60336182 15
30776058 73074360 26
66904835 41175568 19
89990290 61571185 0
50293127 82955000 35
23156743 33405101 4
84004495 70556271 42
65978623 35121274 48
91675126 47514982 49
50091231 89982637 14
32895943 46045843 2
50563588 92433953 46
13866616 4923057 10
21470424 82176119 4
3728657 82019022 35
22177594 579555 35
70417916 36824428 30
59927906 8348978 43
80546012 82784080 44
99018937 79745510 47
45655375 15019513 28
6932243 15075576 37
80088465 87979723 21
31057298 15473755 28
49154265 5618444 15
41585702 30329053 26
31770933 20343378 10
81566903 79826811 16
76639905 52403806 10
77073836 95168716 36
86923696 40500131 11
49322070 25613279 34
98528810 6814637 38
7062259 35611772 45
81170886 68516567 0
55057378 60099569 13
5249922 62470192 14
22093341 31869548 10
7430550 46486130 9
52058420 56899924 45
87121892 63996929 41
86620400 72396596 27
47987842 26729945 48
27004423 86359585 26
27188581 23870920 36
83708894 62498772 46
27684950 30880828 42
33620748 11374072 28
99853866 17050439 34
91778825 95795274 46
27445433 15863453 10
35271764 99158579 14
7630674 66820611 30
21447917 12064337 38
64945984 2221222 27
12449636 36251011 17
4068603 52861619 24
2007695 8975075 35
50953453 96645969 6
20524583 9304211 41
85651668 83878286 32
45917635 85835959 23
7537572 80401450 32
31894545 38636522 46
68639104 6498177 5
45092883 47735431 18
10996546 26198470 9
36401367 44247609 17
67988528 8377006 0
60448298 29254539 38
59031030 89940440 27
75236888 7706673 6
85776278 47358062 37
83283756 99909240 45
24952785 44670046 27
79206565 90418716 18
75174059 15932209 8
18166391 70634347 1
67270688 89529320 14
38886511 31509892 21
18732186 85831545 4
48884036 19574708 22
84796177 94446673 38
29843043 95578768 27
45269663 3241504 44
17428912 41845214 17
33036399 13164241 40
7181071 77333637 33
51612906 3415233 38
94534119 76050517 37
99468387 42305883 19
57867998 33603577 9
19233332 64090058 10
15236514 8042103 13
99425703 60426199 24
89390784 36923632 29
53300769 85871114 21
