100
66748622 13271095 9
4253442 7610381 6
5847369 96555358 8
92168401 31427635 45
6726618 42307582 32
32574802 4834580 28
36430247 97234224 0
69571077 21975709 2
57138235 90412737 28
307912 48218995 24
79592800 79273590 41
97786089 31024771 42
35755009 23391529 45
22418127 40164784 2
41626089 33449816 22
39284271 88857769 35
39423223 69200131 3
23703057 80833628 10
39869367 17855608 38
2732325 96101671 27
41009211 7541146 25
67300323 91594384 5
98683279 9484980 37
14674698 69500699 11
97183883 55887933 15
60561124 97044077 6
30710285 55163687 6
13693276 18283296 2
80312666 21295837 32
21092804 85573506 22
66411988 76948199 10
95644623 57190783 20
5939909 59415769 4
81191884 61944453 21
73342383 26272859 42
80606796 65767617 32
69565889 39847984 31
11504263 6110095 21
41384446 89714954 24
97707855 16254724 13
16164935 94562203 17
23314077 24780623 35
83792552 96238956 1
21133584 91707485 6
21152557 68830600 3
6767825 75816579 28
17163564 87919609 14
85460873 83407162 31
73775718 68280727 35
45438132 12333916 20
17744791 25125972 34
52407243 66694776 39
13820711 27805425 42
82318571 89991176 35
56790148 10899396 13
719261 43490990 39
74425861 98675341 42
72289411 65748225 7
18401459 64417176 11
36160513 51970695 3
84665476 45146243 4
57795281 55899679 4
33882481 73873389 30
19377256 66884791 20
19106760 46141905 11
76263134 76336518 24
54519208 99162424 35
35099158 9773419 25
98113904 40941491 7
41712318 66591680 35
44347486 30757010 33
99957314 46742208 45
12783006 20579587 19
86891372 38330153 2
69980204 50557827 26
78712425 97355788 47
50487796 32593192 10
59877994 68675531 13
63335316 3812837 33
33507966 25295623 25
66357526 64133046 9
73724979 21338183 16
29685283 72397731 15
2263335 35451112 35
93173593 84325887 44
79023944 12384692 32
34420810 54079069 47
78965312 9487123 40
84418643 10118584 42
95348717 83420609 5
3822150 85255758 27
48364362 41746376 33
50938881 23210719 31
70615043 8753960 44
14235295 98121836 20
83619071 18316323 14
75604978 31389931 15
50920978 35881195 16
49814675 82777769 39
90223561 3560328 32
