100
437 197 952
378 348 703
622 975 73
946 738 103
430 816 882
817 828 592
326 915 485
921 451 496
340 421 38
235 913 532
643 156 263
468 853 881
457 219 551
246 405 683
711 532 186
410 352 511
451 392 235
744 260 178
269 119 928
899 841 942
237 588 231
296 325 315
20 852 336
492 106 652
871 679 939
412 711 666
118 248 674
69 432 582
589 590 937
581 934 785
985 829 265
195 979 917
173 574 339
99 589 586
450 355 862
999 351 589
248 246 315
615 597 46
767 361 571
238 382 538
704 250 930
613 798 78
410 206 43
831 162 296
709 662 577
574 969 927
285 155 685
459 470 562
125 275 260
498 793 281
186 591 552
957 630 712
725 341 518
649 505 365
135 189 810
374 943 868
338 733 124
635 370 786
946 348 797
169 386 185
721 901 325
870 764 384
212 490 621
102 932 578
541 302 717
182 993 127
713 336 992
461 520 493
330 244 741
263 108 444
369 678 982
610 435 290
457 281 85
215 255 789
166 757 609
96 873 343
962 662 544
146 475 512
976 374 812
151 441 15
326 699 133
660 543 966
288 168 289
374 288 686
119 180 696
193 227 26
213 790 417
211 862 38
451 222 598
572 406 982
755 260 587
409 781 642
119 997 739
416 593 992
134 932 872
708 393 602
657 641 865
532 728 951
763 881 122
402 104 778
