100
41547336 89168187 28
29326218 41681225 29
63571543 38276352 21
98748304 98577445 22
53778501 80413764 4
59688188 52993616 33
59760508 12863544 25
52105204 29674535 30
29669291 72738773 21
41152176 56956514 17
72411877 6425994 48
791116 88479973 28
7630567 89736641 46
77652580 77076637 39
20961100 47733309 35
22465507 97777157 47
15389751 70179888 5
57449055 16040145 44
56683235 32613069 48
82390447 90609227 13
36310247 41969162 24
92254869 38021660 27
41832456 23347564 15
14055022 85155561 19
20779408 15637090 31
33015019 7686914 11
88159304 97376893 44
70512861 73144649 26
13445904 83271668 47
72102796 36705097 43
65027917 95819120 45
16849299 88178054 47
64500940 14570752 15
79078671 52202738 2
93217351 77265409 32
8174020 63562698 27
83886836 5943514 25
46610966 9340346 38
95482830 75670308 2
52066799 59173637 6
15612595 33270503 33
41415123 79495513 38
35031091 8498476 13
27756178 15321392 13
35031948 87894511 47
57410048 52762180 29
9382061 47312613 43
55155004 33966004 39
77604017 40376141 27
93518710 120775 6
37903673 17475166 15
34461393 67807046 12
77702904 86945022 49
71505109 81209519 7
31503161 48457651 22
43246737 7407248 30
82465752 58443225 10
25354422 59282621 30
28419631 66385544 41
90740139 52762258 43
55252675 52330363 44
91821811 13340637 29
42123238 46167971 30
3706770 83617583 47
49753632 84426567 25
56790863 3057864 47
42727351 98246010 43
7496641 95108837 31
32450503 86597867 12
42636460 91115655 49
84626397 27816787 31
77484706 38128374 6
20439022 26715087 33
82464920 9511191 1
24901749 6285706 42
72867973 78571421 16
71302336 74706777 15
15860556 6364387 36
87761026 95226725 46
1701039 29171199 31
70397425 52410010 9
78762327 26523321 36
11881159 75675972 30
12404851 98274764 26
13521 84712346 39
79491253 84525380 15
89028154 68790047 20
3653285 97488969 17
44945348 57707315 39
71916628 47033635 46
71959236 47092438 32
1022674 32266060 36
33174767 75394309 44
19915177 94273953 36
89498873 52516092 42
89164115 92311757 2
9020595 79200363 24
99910089 4127980 18
51464161 80247109 42
72330135 40972726 30
