100
476831697 755983393 319067802
948884381 112694219 49478950
464038084 776384258 284002453
2913086 364524046 968124456
681099423 908189326 306305949
494255280 877534225 353950188
781942882 458367177 935293426
61894178 591256780 10918234
985930800 260377329 374519197
660272153 753712361 931563999
68708898 528135448 465386159
449634428 802725252 133550475
171870915 833782882 735818059
228701125 195771523 417079173
199328256 877255578 689912015
417716239 404625988 244730354
610638452 6011219 247177204
812980712 188693263 541764487
430612676 125005986 438810861
812358790 66257259 209134136
985616225 822318008 534171357
498316096 920284181 543130853
228051349 110518144 297752606
721145501 781065883 685310112
280884155 193734054 7558397
920125742 994474974 377920523
127878559 579841736 493633114
116822739 649567841 660598636
475160819 666172498 179599655
373073580 683003705 743455398
432494646 596278169 947371013
978960976 597286287 988838000
392183523 144820780 738382592
436176067 387133520 234609922
468489732 84169740 8745267
130449954 420732393 715866179
601469203 865186804 212901734
634992162 501145356 720214103
903067477 117918991 372371583
145167777 288862166 69692440
648377049 534100457 683826724
356051235 771379684 752507852
155703323 17677171 22299210
135955853 788573861 853152406
571398700 485062038 287666743
659101464 636352009 829137730
46909496 685505329 727636228
15485430 647522484 333834743
961380775 47430151 80372851
142852962 674665335 789769231
551068599 468456761 550412485
518641921 127084163 873676156
835339079 116715332 728455467
263895761 139187578 357924024
442400230 658202260 184442594
743007708 973200972 989125180
54113306 535135226 959289451
470412338 161646682 27972153
989165193 238606061 508696178
809748994 781912678 509507242
691823974 422264496 651591722
551536913 72681770 894019482
853652588 330288886 629664155
722433863 507391888 378470343
201886591 612205655 932125157
453824112 552038024 152210193
477318768 215356420 37522647
666743703 218524278 318452221
78204948 613071829 897256288
504297288 591485693 421906763
835749498 653477482 353134150
378657573 897287237 294015562
966835180 987568667 250429309
305406294 4072064 450090238
700252352 235902672 95269303
230229203 942477366 846383276
456762266 293773394 387945030
968504000 42474806 473610084
29554462 687203904 272487700
509195243 491144832 374677165
72451037 554512344 216216608
330678532 966252979 617870945
162672081 920395642 17408357
921673859 92590553 619354831
60334074 46758431 579434642
583932029 460687462 91958471
427950086 585112067 51743462
556060836 963856465 275457566
806460833 929108062 168580790
536223791 122946748 650904450
912664845 362525272 832446757
539246296 4073919 898316135
904285039 404680171 303051779
779421844 624021885 429723219
785252806 179727333 893877732
331329261 565158555 644906317
15566584 505806953 475774899
912920982 658240536 814225911
463796907 746477182 429688345
891230600 316371005 643048487
