15119668
2253885
15527685
7290481
18163787
17550685
9167343
11825136
5207546
15074247
10562709
16054505
16675657
3915430
17545112
8092520
120225
3773865
2500120
1325145
16446360
18405684
2210363
15621318
3874681
19889499
11596835
12991356
13323450
13660074
11925564
11945726
2896416
7742671
1683395
8414648
17303736
10022907
2358380
5777244
10682009
15427594
353543
15771478
9701240
12727040
13710106
12950450
948603
13493307
9369135
2541683
2334306
2783752
13164045
19464020
10702704
3232934
4772121
15638253
8445289
1453636
6605778
10147838
12244113
11040760
4307128
4370486
12261436
11829714
13069550
17945744
19751373
81441
4718054
18849547
5875468
849496
13744078
9822897
11090247
19325060
18407913
1851811
935169
9213749
11702241
19277129
18582162
2458935
7250506
81478
8093603
12480438
3594547
11303171
10116139
13164811
14929543
6327420
