1405610
1296877
458425
912939
1046991
1404157
1058565
1001373
760639
1880629
936952
1062286
595490
228788
888908
496833
1716531
970418
805055
85210
215459
1412351
1784556
789560
242830
1976779
82680
1810212
1592752
484141
1636574
403144
1135146
214274
500627
1395726
317531
751543
1161460
1212719
966235
1721306
984850
252177
279758
482693
1816671
1697249
260182
765714
1285518
1812359
1123309
253484
1450713
79762
1486377
1870485
750479
590819
1211545
547586
1413421
387190
1473731
1753785
644099
348825
907308
1684276
1186584
1228807
277494
671670
531864
1310135
1185802
70284
796391
1896358
1209608
1699724
1683609
586921
1800155
377551
939803
327405
1354357
282392
265414
238083
1487130
863871
1673935
321060
205105
1305580
935944
530338
