100
569 878 913
685 692 800
537 495 174
119 180 725
346 624 291
405 908 234
324 302 988
413 449 139
669 850 635
481 338 426
491 566 249
70 103 492
107 908 931
154 450 275
694 528 174
626 566 50
922 534 473
333 619 202
673 176 795
545 565 13
234 491 779
695 151 936
60 589 963
16 682 600
311 863 326
745 443 511
790 537 113
117 373 519
332 877 707
341 547 498
282 433 988
300 125 877
819 772 69
656 572 769
385 703 197
410 229 556
406 754 462
485 753 870
449 421 346
578 857 25
199 758 155
634 110 862
598 593 887
492 620 439
373 777 286
727 837 577
810 710 711
60 838 341
590 523 598
823 919 502
254 392 256
822 548 99
125 212 75
688 280 702
149 987 973
73 825 795
20 154 983
541 339 151
464 507 63
492 163 734
293 903 467
158 200 288
733 555 356
12 907 183
432 745 22
389 440 131
952 628 178
17 409 298
447 615 336
743 183 755
587 252 923
363 192 400
664 695 157
525 907 83
828 432 991
830 892 428
291 662 213
37 104 61
377 189 429
44 251 440
521 869 322
151 313 272
414 830 532
196 358 736
404 404 579
521 746 332
836 597 980
200 220 409
346 479 937
156 988 984
45 849 58
497 309 147
987 524 815
432 921 36
444 267 789
878 764 117
706 924 902
232 187 302
261 714 900
883 435 242
