100
55608510 87286781 40
65494821 51073743 22
25540176 64573789 17
80667043 44920502 25
71875886 27632763 24
93428749 61014142 17
11825427 57992874 17
8139738 56359815 15
28329326 16731946 22
92882990 52890041 42
97534670 36818670 10
85759997 15110655 9
63894498 66223076 34
21919321 29361522 31
45232475 6741995 20
80929038 59643851 20
24874698 94338378 46
83902330 13740349 15
96575086 28239546 26
23408007 46233104 28
29383361 26136623 18
35957731 36164973 39
75970784 65440837 8
99007502 31234273 47
65515612 67684779 8
89867067 3920454 27
80556362 43523723 44
29462845 68503834 38
3456937 79588885 31
80865659 36055146 8
20936608 1379939 43
73537113 68647291 6
8831500 94497090 2
71263357 59439755 31
2230380 20466218 26
5741578 9215377 6
36549920 17316706 34
16279901 72393037 27
94143596 13973915 39
96700911 45349078 33
52544 84605970 31
6734921 74471714 44
25321781 26100297 9
94930582 55849361 4
99338123 39121068 16
84933979 92974499 26
6727798 16389442 0
38067838 32745945 21
91134414 10769022 28
82991859 40526508 32
99734480 66629209 18
84900388 32098201 40
49299389 34399911 23
99239135 60285020 45
78121269 7331229 44
46027500 21555165 32
75415237 75083464 3
60314818 92326860 4
38897997 45263518 21
64188124 25413574 32
41786604 31239843 28
42164812 98385442 22
55059073 16954249 7
12172125 72146967 12
12281688 56162082 43
82810304 4066666 26
72291324 31051308 22
26277242 52958537 43
9638560 37339932 34
93819964 2454960 37
14178896 67206096 18
87536404 50712317 15
64589842 47522023 25
1625635 39695661 9
12425644 98214832 29
92057742 67143680 39
67094164 82640433 2
3691384 40011308 6
70411680 74122036 11
78909501 86438167 42
88007483 2128720 22
35643955 19257426 8
55155839 54486082 21
47995370 54223932 20
56416036 1587941 26
96406647 12720967 39
4150777 27950677 27
7252910 47924092 26
15490300 10633073 17
42514799 25438156 0
88736504 93531650 48
11293335 11088095 30
49692385 19417394 26
44363295 38837240 6
97651889 97751176 27
74581646 51639737 19
72125518 78566351 35
88236186 72958802 47
94053588 85823218 24
82115214 91260079 9
