1790837
1644054
1972609
1206724
1461487
823512
1231423
1659100
668102
1411125
702426
950300
1799652
920916
1848679
98461
1643522
1640380
11591
736488
166979
1655682
1594910
300391
301511
1759594
309475
112369
606581
406867
1596536
1048076
1903374
810003
512266
136292
712236
1370331
1201991
1249404
637391
929723
1137999
1279938
1447932
534599
1727191
477419
1249975
617616
227481
341009
1915906
317269
1983172
1336413
241287
44425
725021
1057232
179501
1932920
186084
1677566
1716720
1608029
772730
129964
954709
523970
884952
167540
585091
1798809
154133
947161
1998185
893401
1808374
318644
1412687
1790587
630198
1716631
391495
1888934
1911575
64830
836904
263285
1546673
68304
1521011
846118
672072
1281801
160842
1208524
738473
1717422
