100
680107965 186999758 250893369
864548121 543028069 650720721
363935825 72987465 907714461
65207294 423002194 846056035
111347975 527726493 81174367
38730375 352177720 919768143
714177171 363960645 208310522
191510778 955031316 873130535
418198288 225415068 513036494
947105812 297256260 384466362
844978702 937051839 967454946
650051371 907757182 468058100
938383191 413314253 313554816
775249560 155092904 435781447
887934926 874168756 57899308
996266706 164023986 908689813
50464879 151530970 282602159
107667998 499805044 910226892
626731528 778321086 659768654
709420125 67423405 716917566
647731382 309873564 770362761
766776330 493291214 260701763
669488334 560234827 189394825
48386484 299492833 550598799
793152957 65955362 865684320
630048445 58658704 355567425
379823893 647132055 573503252
759799134 244477753 463755612
164982591 660837295 979598514
951491628 887058473 146181783
686281599 564974606 186515627
433420603 949083549 596165464
294041023 271801289 233493186
71216774 38890645 290347585
990828816 430458655 624020432
391763691 864771546 740831436
88187921 394835179 983317754
915466195 141104768 708587494
693540999 134906375 733003595
619983015 888200296 866820876
617897645 461575923 230552407
610281374 881660297 780325281
251404033 222430040 668943686
572433103 785867000 397025890
144311500 35442402 555525648
850828905 486342483 903236751
520841068 730979131 814042403
552897413 839185616 399787996
828873538 752970808 142291737
314577293 80951066 82403344
10924457 580079240 906179440
179261266 391438616 963563197
555108790 256254610 407521764
114180357 777187719 309534943
900913035 10823042 527776944
465706696 656307702 875806085
999093857 301273950 566391190
420885152 963899103 486913891
530980378 145983923 603145844
201304420 349009969 460682295
580183699 41695549 644293819
527585541 345045488 115016750
333995048 726475800 111130233
21282676 989847476 106730956
249337626 454384175 75538552
711845176 510686087 628778771
991336294 970239576 867647402
186551565 541006489 436003441
152409369 229127463 499106842
275641560 50978422 477118443
477999530 282278006 993157708
697268580 902500099 442208699
671880033 267830808 706337369
442844878 724999580 824451470
514241701 495005560 379530254
467179420 609715765 263588061
132712258 341736796 713179399
139595118 195236784 988082536
457289995 699559808 506242443
856347347 216130908 931154980
500800995 636556032 296041879
618822078 475163713 875994510
678532527 811809205 248480648
194946502 50163415 854908968
882269308 276434814 95992083
615885989 698193312 528904552
617051419 984903373 435190442
85396903 131056293 515765600
146474629 798024529 154908048
35981040 176702127 553761572
557316140 962123649 398823703
355274073 183730023 213478764
958113148 347407429 113382359
917802710 89822802 623796015
325922559 268817744 588760157
151359580 413886659 95859310
720038723 505561897 514588063
253576589 22912855 328864648
249622678 968082466 215248452
228152840 240275476 472644933
