100
511347327 283963948 587447754
205365468 683924880 922509654
588526572 656771423 47005024
155026828 267907210 99009289
322198554 8143078 518383391
527067582 805377381 294792510
531958429 581858028 197598943
580982987 232472919 318324788
697824342 427920155 81266308
531860303 953269745 540884515
452182156 790103130 921489975
521307322 287592026 21087381
55721397 73381721 71482624
487828501 345552083 820354989
73041061 324958774 624388505
853868889 389618859 917533408
766178006 335826879 992666369
385261265 437058224 121387116
887893454 807689383 615844098
680908376 89059679 538402579
592925725 860198782 172539786
743438142 391414374 795467450
725971420 292402505 887757144
606160573 179410608 705070047
932508066 889363000 919056265
205721631 682831442 390690461
533122879 94979176 95691218
70357954 295399954 529891928
564454482 319426734 678253336
382921415 684834986 463225567
181228437 774249678 322629628
741397776 909953984 850268731
749439753 543809291 890414709
165893029 358576255 556115244
950258865 680956318 250759413
365624619 807685139 797014005
345435507 91300548 706178621
618174795 500307826 385867230
964700519 227644903 458519752
476396495 505111843 729299740
819427087 20326689 319696474
540435123 878250670 414693329
681191140 474990592 481659754
820681262 267106582 907929692
975634053 64256457 728447610
744424977 740898053 854628230
303820971 417178498 483202405
278696200 455653741 201172310
16178420 22768239 81416489
902894482 563994445 502469036
502415704 980751029 75823768
953776730 292092071 326325090
103904832 894171528 715583841
361939453 120858927 557428630
378454262 56093512 338860103
634458324 962255946 238108381
726813986 446329952 891861878
778897979 720263684 35370051
192600000 560178830 662434179
691628253 316567390 821601051
915443753 802636066 242518142
778420201 158591197 247668732
703801549 337142034 195441673
674928348 936679577 319163292
472920311 732285647 767345334
332496523 511045675 783719751
259788327 904226078 216829618
877610817 585392996 888407537
479965867 548680387 334141914
511914113 207270717 867354144
873443530 384161559 530410012
242660808 686011185 404841679
372354137 667937849 371209106
333879092 984913844 384194909
186827821 716935572 733487295
444430071 755105601 462762849
832850111 293263970 178433075
873292962 298066502 38599976
802877364 535191830 824691794
729098841 317387272 884999831
904050803 376590961 990843037
281319487 682171560 218105036
228182771 185074651 410101793
376756442 198247194 110838239
437240717 546892984 569115143
22862211 627696055 661471684
862714987 454768799 386871478
48716869 247025069 671344359
874636584 82105460 592389061
393738207 822774588 436815997
160108381 103308601 497788
491256948 385144898 574984615
738448674 220047200 159312401
132138245 175603242 576079387
629426460 110248486 926927631
387281300 382802493 691673355
608747507 987236793 913531444
986410043 461032293 129601417
515674679 193397040 883762456
396607816 319128307 193483317
