18672252
16702749
7617981
141520
12550392
8526758
8709122
18540723
7274897
15391856
6906883
15967665
9680070
14619087
19769110
3150707
9285965
15786369
15805089
16315941
9011867
6866073
15074368
12368534
5884485
10289435
11608153
2041510
9622046
3741288
13838213
10645297
16434660
62208
14470944
2916917
19844754
6602350
18156677
12496687
14855510
10740503
11151432
10731535
16626790
4459257
18399929
4757619
19592091
19563878
18664824
9621326
12534212
16276468
7705928
13148335
14832457
168814
6779382
19135291
19982721
17750114
18472359
3647848
10934511
1441947
11584207
19193872
14333958
18026652
13691568
16000867
4906089
13260414
10149792
16739447
19219373
3321780
1441415
19769811
1759786
17400143
5308858
4886153
3162051
7309542
16518578
16940873
8955500
7416662
15908216
7712238
13887209
1253036
9215333
3621419
17843584
18687442
6070854
18793687
