100
959310257 933612608 955695435
915789723 835137478 816556469
758536704 380899048 945693934
105981780 7076031 170333528
660362197 627519577 290134017
717162245 426337897 673811127
969867384 435456106 296152912
532859915 927036193 497101965
376416613 363744864 959683640
445770938 769592794 350098865
147167294 345344152 820975887
141640723 798383236 831865385
749840673 484003532 841324116
762396471 730954353 786336721
403537051 988455460 241630709
649594116 157535300 618211902
912944183 464298236 203614666
967448998 789318416 755044349
708476224 790254441 584194089
682026435 815797078 473584333
320740930 450593322 826551738
899804934 343303638 414474397
192919421 753718382 520209346
794227431 618426703 308988226
958329377 294224242 884683618
84261402 514471713 705316103
781704821 580407641 715976799
756272482 102075450 70628942
532080383 481102323 108067030
571107312 187064409 248730701
907879390 691910662 941562707
932413712 532264841 838969078
771905340 821732997 639425502
822472703 3110399 506070763
186607387 723547161 295353547
936619499 145845865 621025495
544603412 992237725 263543799
223021136 330117497 79121817
369169430 907833851 940088335
58598 624834345 575317385
794025063 742775491 205636438
563775703 537025143 110028042
256724759 557571602 529994834
549337146 536576737 732022500
171452503 831339497 683434943
179483948 222962877 584500041
533760411 919996473 463691390
794470718 237880948 957244552
644856024 979604564 872007691
576692865 978193884 697112948
36683640 933241189 742683017
890101743 481066313 295586518
723933714 626710572 396393476
265416188 813823401 279249522
599597167 385296367 586765832
123911543 657416715 365856154
492381794 741622841 448601631
176112956 8440696 62139411
527022432 338969069 410168690
690223918 956764513 691272419
592472610 999136032 514930178
882394765 887505702 895864719
467002249 923617936 251022202
355694962 182392406 409869645
294470897 546725523 184610367
191530264 72097339 288394581
83456557 579210367 174682248
384905199 959693609 13868667
536673472 716697871 174956082
848641190 901332633 985002739
300628547 684578425 708739078
733041513 800043312 872396572
112228432 245304428 436028800
910399402 663020682 320081716
587944141 507489604 915938381
850415914 836972337 749007646
606990795 960968683 457399590
525053931 166089016 530784501
789686486 72070756 763359605
549551190 988490568 460182912
994841420 87989296 235683064
741920700 870007172 997433046
339846862 265442905 914024096
537745961 244307645 664530884
192976886 158102551 890135326
386457284 365477097 824582259
938003815 825928860 424494223
896114891 847043686 831859740
8327523 447775009 769222811
330962036 370833127 337489272
698464402 795410826 263525201
55216314 385611867 981222778
177098567 694360422 501164682
452486789 62651818 44982681
882040416 460766646 154267854
399639518 181070900 75549408
489258599 892179241 7238294
658977231 934372089 379121687
392142625 303542706 717851410
910033664 939684379 765400700
