100
76843200 45717871 24
47702320 13823538 22
8760921 60529346 36
36598001 76868503 34
92221451 39589613 25
31056257 45002690 42
91317132 92778589 49
37605605 73316274 1
61561441 26202056 6
73380325 84413350 5
21239707 84938001 20
3480332 648675 11
21416068 13295287 30
65143172 405101 12
72786116 32814688 38
23557217 76201163 47
98670056 83479319 9
48706084 56884113 29
44194104 68368878 47
64687219 39921739 41
99427513 4646664 34
65937881 54498822 7
94765472 10388897 2
76958019 31243113 36
26971399 42585895 20
76032848 54162736 34
86560023 32561579 14
68366666 11190792 34
3780253 98797699 21
41857301 83934906 46
59681786 60420116 4
1390235 34347321 49
68013840 59760497 34
94959691 27388320 48
54129102 31997718 32
88024470 3377841 6
78355121 9671604 35
10295198 40676807 41
64586439 63506740 19
5944344 90821037 33
76410368 67247630 39
20489708 85411732 49
43924016 94217551 19
73147617 34337212 2
23726087 515440 36
84502280 83717849 6
70929803 83446648 7
63661061 59846307 41
89338639 60266422 27
96032632 18058256 46
16033347 66541414 34
21381976 53463518 11
73594105 62329089 35
29285870 25700593 42
1965115 21411926 21
33955776 49039582 9
59780414 32494908 4
46490049 42307505 37
40813068 5370824 9
34558052 78717143 48
44054845 46158187 34
29888018 19748762 22
78183810 38875495 1
19717018 50816582 40
1027633 4871623 28
75366390 57467344 31
22646053 77458565 20
65355347 68449808 43
77539518 46694369 25
22625049 82819817 20
96587785 13317517 30
22243270 14900238 2
95005981 52244509 17
61361480 58318264 39
86513674 63591420 0
96904020 42443761 23
28901211 1570196 32
55072429 83926500 24
95841770 84055198 22
51036304 69197471 22
95893579 9801943 13
713922 10570481 34
77364424 54381027 10
12277817 8913099 35
40188862 90051180 34
39450804 72611366 33
29383891 26268453 26
83395682 6246425 22
49009072 68166679 33
18116667 70536023 20
30849063 83916004 46
21445106 80048720 20
90876942 81062296 8
33294430 64746774 5
68557472 40643999 32
85664142 31604241 25
90769337 58619984 35
6712365 72893034 25
14611749 97367666 48
9407804 66285488 29
