83
84
84
84
84
84
84
84
84
84
85
85
85
86
85
85
85
85
85
85
86
87
88
88
88
88
88
89
90
91
91
91
91
91
91
91
91
90
90
90
91
92
93
94
94
94
95
95
95
95
96
96
96
97
98
98
98
98
99
99
99
99
99
99
99
99
99
100
100
100
101
101
102
102
101
102
103
104
103
103
104
104
105
105
105
105
104
104
104
105
106
107
107
108
107
107
108
109
109
109
109
110
109
110
111
111
112
112
112
113
113
114
115
115
115
116
116
116
116
116
117
117
117
118
118
119
119
119
119
119
119
120
120
121
121
121
122
123
124
125
126
125
125
126
127
128
128
128
128
129
129
129
129
130
130
131
131
131
131
132
133
132
132
132
133
134
134
134
134
135
134
134
135
136
137
138
138
139
140
141
141
141
142
142
143
144
144
143
144
143
142
143
144
145
145
145
145
145
144
144
144
145
146
147
147
147
148
148
148
148
148
149
148
148
148
149
150
151
152
152
153
154
155
154
153
153
153
154
154
154
154
155
154
154
155
155
156
156
155
155
155
156
155
155
155
155
155
155
156
155
155
154
154
154
153
152
152
151
152
151
152
152
152
152
153
153
153
154
154
153
152
152
152
152
153
153
153
154
154
154
155
155
155
155
155
156
156
155
155
156
156
156
157
158
159
160
161
162
162
163
164
165
166
167
168
169
170
170
171
171
171
172
173
173
174
175
175
174
175
176
176
175
176
176
176
176
177
177
177
177
177
178
179
178
178
178
179
179
180
180
180
180
179
179
180
181
182
181
182
182
182
182
181
182
183
183
184
185
185
184
184
184
185
186
186
186
187
187
188
188
188
187
188
188
189
190
191
192
192
193
193
194
195
195
195
195
194
195
196
197
198
198
199
198
197
197
197
197
196
196
196
196
197
197
198
199
200
200
199
199
200
201
202
201
201
202
203
203
204
205
205
206
206
206
206
206
206
206
207
207
206
206
207
208
209
210
210
209
210
210
211
211
212
212
213
213
212
213
213
213
213
213
214
215
216
217
218
219
220
220
220
220
220
221
222
222
222
223
223
223
223
224
224
225
225
225
225
225
225
225
224
225
226
226
226
227
227
227
227
227
228
227
227
228
229
230
231
232
232
231
232
232
233
232
233
234
235
235
236
236
236
237
238
238
239
239
240
241
241
241
241
241
241
242
243
244
245
246
246
246
245
245
246
246
245
245
245
245
246
247
247
248
248
248
248
248
249
249
249
249
249
249
250
250
251
251
252
253
254
255
254
254
254
254
255
256
256
257
257
258
259
260
261
261
262
261
262
262
262
263
264
264
265
266
266
267
268
268
268
268
269
269
269
269
270
270
271
272
273
273
274
275
276
277
276
275
276
277
276
276
277
278
279
280
280
280
280
281
282
283
283
283
283
284
285
286
287
288
289
290
290
291
292
292
293
293
293
293
293
293
294
295
296
297
297
297
298
298
298
298
299
299
299
299
299
300
300
301
301
302
302
301
301
302
303
304
305
306
307
307
307
306
306
305
305
305
305
305
305
305
304
303
303
303
303
304
304
305
304
305
305
305
304
304
304
303
303
304
305
305
305
306
307
308
307
307
308
308
309
308
308
307
307
308
309
309
309
309
309
310
310
309
310
310
311
311
311
312
312
312
313
313
312
313
313
313
313
313
314
314
313
313
314
314
314
314
315
315
315
315
316
317
318
317
317
317
317
318
318
318
319
319
318
319
319
319
320
320
320
320
321
321
320
321
322
323
323
324
325
326
326
325
326
325
324
324
324
324
324
324
325
326
326
327
327
326
325
325
326
326
326
326
327
327
327
327
327
328
328
329
329
328
328
329
330
330
330
330
331
331
332
333
333
334
334
335
335
335
335
335
334
334
335
335
335
335
336
337
337
338
339
340
340
341
342
343
343
344
344
344
344
345
346
346
346
346
346
347
348
349
350
350
351
351
351
352
353
354
354
354
354
354
355
356
356
356
355
355
356
355
356
356
356
356
356
357
358
357
356
356
356
357
356
357
358
359
360
360
361
361
361
361
362
362
362
363
363
363
364
363
363
363
363
363
363
363
363
363
363
363
363
363
363
364
364
365
366
367
368
368
369
370
371
371
371
371
371
371
372
372
372
373
373
374
375
376
375
376
377
377
377
378
378
378
378
378
378
378
378
378
379
378
378
378
379
380
380
380
381
382
383
384
385
386
386
387
388
389
388
388
388
388
387
388
388
388
388
389
389
389
389
390
390
390
391
392
392
391
391
392
