461
460
460
461
460
460
460
459
460
460
459
458
458
458
457
457
457
457
457
456
456
455
455
455
454
453
453
454
453
452
452
451
451
452
452
452
452
452
452
453
452
452
452
452
452
452
452
452
452
452
452
452
452
452
452
452
452
451
451
451
451
450
450
449
449
449
448
448
448
447
447
446
445
445
444
444
443
443
444
444
443
442
442
442
442
442
443
442
443
442
441
442
442
442
441
440
439
439
439
439
439
440
440
440
440
441
440
439
438
437
437
436
435
435
435
435
435
436
436
435
435
436
435
434
434
434
434
435
435
434
435
434
433
432
432
431
431
432
433
432
432
432
432
431
431
431
430
429
428
427
428
427
426
426
425
424
423
423
423
423
423
423
422
422
423
423
422
422
422
423
422
422
423
422
423
424
424
425
425
425
424
424
425
425
426
426
425
425
425
425
424
425
425
424
424
424
423
423
423
424
423
423
423
424
424
423
423
422
423
422
422
422
422
421
421
420
421
420
420
419
418
418
418
417
417
417
416
416
416
416
415
415
415
415
415
415
414
413
412
412
413
414
413
413
412
411
411
410
410
410
409
408
409
409
409
410
410
410
410
409
410
410
410
410
410
410
409
409
408
409
409
409
410
409
410
411
411
411
411
411
412
411
410
410
410
409
409
408
407
407
406
406
405
405
405
405
406
407
406
405
404
404
405
405
405
404
403
403
403
404
403
403
404
403
404
404
403
403
403
403
402
401
401
401
401
401
400
400
400
399
398
398
397
396
396
396
396
397
396
396
396
396
396
396
395
396
396
397
396
395
394
394
395
394
394
394
394
394
394
393
392
392
392
391
391
390
389
388
388
388
387
387
388
387
387
387
387
387
386
386
386
385
384
384
384
384
384
384
384
385
385
385
385
384
385
385
384
385
385
386
385
385
384
384
383
383
383
383
382
381
381
381
380
381
380
380
380
380
379
379
378
377
376
376
376
375
374
373
373
373
372
372
372
371
370
369
368
368
369
368
367
368
368
368
368
368
368
368
367
366
365
365
364
363
363
363
362
361
361
362
362
363
363
364
364
364
363
362
361
360
359
359
358
358
358
358
357
357
357
356
355
354
353
352
351
350
349
348
348
347
347
346
345
345
345
345
345
345
345
345
