69
70
71
71
72
72
72
73
74
74
75
75
76
77
77
77
77
77
77
78
79
80
81
82
82
82
81
81
82
82
81
81
81
81
82
83
83
84
84
84
84
84
85
85
85
85
85
85
86
86
87
87
88
89
90
91
90
90
90
90
91
92
92
93
93
94
95
96
97
97
98
97
98
98
98
99
100
100
101
102
102
103
104
104
104
104
105
105
105
105
106
106
107
108
109
109
110
111
112
113
112
111
112
113
112
112
113
114
115
116
116
116
116
117
118
119
119
119
119
120
121
122
123
124
125
126
126
127
128
128
129
129
129
129
129
129
130
131
132
133
133
133
134
134
134
134
135
135
135
135
135
136
136
137
137
138
138
137
137
138
139
140
141
142
143
143
143
142
142
141
141
141
141
141
141
141
140
139
139
139
139
140
140
141
140
141
141
141
140
140
140
139
139
140
141
141
141
142
143
144
143
143
144
144
145
144
144
143
143
144
145
145
145
145
145
146
146
145
146
146
147
147
147
148
148
148
149
149
148
149
149
149
149
149
150
150
149
149
150
150
150
150
151
151
151
151
152
153
154
153
153
153
153
154
154
154
155
155
154
155
155
155
156
156
156
156
157
157
156
157
158
159
159
160
161
162
162
161
162
161
160
160
160
160
160
160
161
162
162
163
163
162
161
161
162
162
162
162
163
163
163
163
163
164
164
165
165
164
164
165
166
166
166
166
167
167
168
169
169
170
170
171
171
171
171
171
170
170
171
171
171
171
172
173
173
174
175
176
176
177
178
179
179
180
180
180
180
181
182
182
182
182
182
183
184
185
186
186
187
187
187
188
189
190
190
190
190
190
191
192
192
192
191
191
192
191
192
192
192
192
192
193
194
193
192
192
192
193
192
193
194
195
196
196
197
197
197
197
198
198
198
199
199
199
200
199
199
199
199
199
199
199
199
199
199
199
199
199
199
200
200
201
202
203
204
204
205
206
207
207
207
207
207
207
208
208
208
209
209
210
211
212
211
212
213
213
213
214
214
214
214
214
214
214
214
214
215
214
214
214
215
216
216
216
217
218
219
220
221
222
222
223
224
225
224
224
224
224
223
224
224
224
224
225
225
225
225
226
226
226
227
228
228
227
227
228
227
227
227
227
