213
214
214
214
214
214
214
214
215
216
217
217
218
217
217
218
219
218
219
219
218
217
217
216
217
218
218
217
217
218
218
219
220
220
221
222
222
223
223
223
224
224
224
225
226
227
227
228
228
229
230
231
231
232
232
232
233
233
233
233
233
232
233
233
233
234
235
235
234
235
235
234
235
235
235
235
235
236
236
237
237
237
237
238
237
238
239
240
240
241
241
242
243
244
244
244
243
242
243
242
242
243
243
244
244
243
244
245
245
244
244
243
243
242
241
241
241
241
242
243
243
243
242
241
241
242
242
242
242
242
242
242
242
242
243
244
245
246
246
247
248
248
249
250
251
251
251
251
251
251
251
251
252
253
254
255
255
255
254
255
256
256
257
257
257
258
258
259
258
258
258
259
259
258
258
259
258
259
260
261
261
262
261
260
259
260
261
261
262
262
263
263
262
263
263
263
262
262
262
262
262
263
263
264
264
263
264
265
266
266
266
266
267
267
268
269
269
269
268
268
268
268
268
268
268
268
269
270
271
271
271
272
271
271
271
272
273
273
272
273
274
274
274
274
275
276
277
276
277
278
278
278
279
279
278
278
278
279
280
279
279
278
279
279
278
278
279
279
279
279
280
281
280
279
279
280
280
279
278
278
278
278
278
279
279
278
278
278
278
278
279
279
279
279
280
280
280
281
281
281
282
283
283
283
283
284
285
286
287
287
287
287
288
289
290
291
292
292
293
293
293
293
293
294
295
295
295
296
297
297
298
298
298
298
298
298
299
299
300
301
302
302
302
303
303
303
303
303
303
303
303
304
305
306
306
306
306
306
306
306
306
306
306
306
305
306
305
305
305
305
305
305
306
307
306
307
308
309
309
310
311
310
309
309
309
310
309
309
310
311
312
311
312
312
312
313
312
312
313
314
314
315
314
315
316
316
315
316
315
316
315
316
316
317
317
318
319
319
320
321
321
321
321
321
322
323
324
323
323
322
323
324
325
326
326
326
326
327
326
326
327
327
327
328
328
329
329
329
330
331
332
333
332
331
332
331
332
332
332
332
333
332
333
333
333
332
333
334
335
335
335
335
336
336
336
336
337
338
339
339
339
339
339
340
340
341
342
342
343
343
343
344
344
344
343
342
342
342
342
341
341
342
343
344
344
345
346
346
346
347
348
348
347
348
348
348
349
349
349
349
349
348
348
349
349
349
350
351
351
352
351
352
352
353
353
354
354
354
354
354
354
355
356
356
356
356
356
356
356
356
356
356
356
356
356
356
356
356
356
357
357
357
357
356
356
357
357
357
358
358
358
359
359
358
357
357
358
358
359
359
360
360
361
362
362
362
362
362
363
364
365
366
367
368
368
368
369
370
369
369
369
369
369
370
370
370
370
371
372
371
372
371
371
372
373
373
373
373
373
374
374
373
373
374
373
374
374
374
374
375
375
376
377
378
379
378
378
379
379
380
381
380
380
380
380
379
379
379
380
379
380
381
382
381
382
382
383
384
385
385
385
385
385
385
386
386
387
387
388
388
388
389
388
388
389
390
391
392
392
393
393
393
392
392
393
393
394
394
395
395
395
395
396
397
397
398
398
398
399
399
399
400
401
401
401
402
402
403
403
402
403
404
404
404
404
405
405
406
407
408
408
409
408
408
408
407
407
407
406
406
406
406
407
407
407
407
407
407
408
407
408
408
409
410
411
411
410
409
409
410
410
410
411
410
411
411
411
412
412
412
412
411
412
412
412
412
412
412
411
411
410
411
411
411
412
411
412
413
413
413
413
413
414
413
414
414
414
415
415
416
417
417
416
416
417
417
417
417
418
419
418
417
416
416
417
417
417
416
417
417
417
418
417
417
418
419
420
420
421
421
421
421
422
423
423
423
423
423
422
422
422
423
424
424
423
424
424
424
424
425
426
426
426
426
426
426
425
426
426
427
428
427
426
426
427
426
426
426
426
426
426
425
426
426
426
427
427
426
425
426
426
426
427
427
428
429
429
429
429
429
428
428
428
429
430
430
430
430
430
430
430
431
431
431
431
430
431
431
430
431
431
432
433
433
432
432
433
433
433
433
432
431
431
431
432
433
434
434
434
434
435
435
434
435
436
436
436
437
438
439
439
439
438
438
438
439
440
439
438
438
439
438
439
440
440
440
440
440
440
440
441
442
443
443
442
443
443
443
442
443
443
444
444
445
445
446
446
446
447
448
449
450
449
449
448
448
448
448
449
449
449
448
447
448
449
450
451
450
451
452
452
453
453
454
453
453
453
453
453
453
