510
509
510
510
511
510
509
509
510
509
508
507
506
505
504
505
506
505
504
503
503
502
501
500
500
500
500
500
501
500
500
499
499
499
499
500
500
499
498
498
498
497
496
495
495
495
495
494
493
492
492
492
492
491
491
491
492
492
492
492
491
491
490
489
489
489
488
487
486
485
485
486
486
485
485
485
486
485
484
483
483
484
484
484
483
483
482
482
482
481
480
479
478
478
477
477
476
476
475
474
473
472
471
470
469
470
469
470
470
470
469
469
468
467
466
466
466
466
466
465
465
465
465
465
466
465
464
464
463
462
461
460
460
460
459
459
459
459
459
458
458
458
458
457
456
456
457
457
457
457
456
455
455
455
454
453
452
451
450
449
448
448
448
447
447
446
445
445
444
443
443
443
442
441
442
442
441
441
441
440
440
439
439
439
438
438
438
438
439
439
438
438
437
437
437
436
436
435
435
435
435
435
435
436
436
436
436
436
436
436
435
434
433
433
433
433
433
433
432
432
431
431
431
432
432
431
432
432
432
433
434
434
433
433
433
433
433
434
433
434
433
433
433
432
432
431
430
430
430
429
430
430
431
431
431
430
431
430
429
428
427
426
425
425
425
425
425
424
423
422
421
420
421
422
422
422
421
421
420
419
418
418
418
418
418
418
417
417
417
417
417
416
415
415
416
416
416
415
414
413
413
413
413
413
412
411
410
410
409
410
409
408
407
406
405
404
404
403
402
403
402
402
401
401
400
399
399
398
397
397
397
398
398
397
396
395
396
396
396
396
396
396
395
394
394
394
395
396
397
396
395
394
394
394
393
393
392
391
391
390
390
390
391
391
392
392
392
391
390
390
389
388
387
388
387
388
388
388
388
388
387
387
387
387
387
386
385
385
386
387
386
385
385
384
383
382
382
381
380
379
379
378
378
377
376
375
375
374
374
373
373
373
372
372
371
371
370
370
369
369
370
369
369
369
368
367
366
366
365
365
365
365
365
365
365
365
365
364
363
364
364
363
362
361
360
359
359
360
360
360
359
359
359
359
358
357
357
356
356
356
356
356
356
355
355
356
357
357
357
357
356
356
356
356
355
354
353
352
351
350
351
352
352
351
351
351
351
351
352
352
353
353
352
351
351
350
349
349
349
348
348
348
348
347
346
346
346
345
345
345
345
346
345
344
343
344
344
343
343
343
342
342
342
342
341
340
340
340
340
341
340
340
339
339
339
339
338
337
337
336
336
336
335
335
334
334
334
335
334
333
332
332
332
331
331
330
330
330
331
331
331
332
332
332
332
332
331
332
332
332
332
332
331
331
331
330
329
329
329
328
329
329
329
328
327
326
326
327
326
326
326
326
325
325
325
325
324
323
322
321
321
321
321
322
321
321
321
321
320
320
320
320
320
319
319
319
319
319
318
318
317
316
315
314
313
313
312
311
312
312
312
312
311
311
311
312
312
313
313
312
311
312
311
310
310
309
309
308
309
310
310
310
309
308
307
306
306
306
306
306
305
306
305
305
304
304
304
304
303
302
302
302
301
300
299
298
298
298
298
297
296
296
295
295
296
295
295
295
294
293
292
291
291
290
291
290
290
290
290
290
290
290
290
290
289
288
288
288
287
287
287
287
286
286
286
285
284
283
282
282
281
281
281
280
279
279
278
278
279
279
280
280
280
280
279
279
279
279
278
277
277
276
275
275
276
276
275
275
275
275
276
276
276
276
276
276
277
278
277
277
276
275
274
273
272
271
270
270
270
269
268
268
269
269
268
267
266
266
267
266
265
265
265
265
264
264
264
263
262
262
261
261
260
261
261
261
261
261
260
261
260
260
260
260
259
259
259
259
258
257
257
257
257
256
256
256
256
256
256
256
257
256
256
257
257
257
257
257
256
257
258
257
256
255
255
255
254
254
254
254
254
254
255
254
254
254
253
253
253
253
253
253
253
252
251
251
251
250
250
249
248
248
248
249
249
248
247
246
245
244
245
245
246
246
246
246
247
246
245
244
243
243
242
242
241
241
241
240
239
238
238
238
238
237
237
237
237
237
238
238
238
237
237
237
236
235
235
235
235
235
234
234
234
234
234
234
233
232
231
231
232
232
232
232
232
232
232
232
232
231
230
229
228
228
228
229
229
228
228
227
227
226
225
226
226
225
224
223
222
221
221
220
219
219
218
217
218
217
218
218
217
217
216
215
215
215
215
215
215
215
215
215
215
215
215
216
215
214
214
214
213
212
212
211
211
210
210
209
208
208
208
207
206
205
205
205
205
204
204
204
