417
417
417
417
417
417
416
416
416
415
414
414
414
414
414
414
413
412
411
411
411
411
411
412
413
412
412
412
412
412
412
412
412
411
411
411
410
409
408
407
407
407
406
406
406
406
405
405
405
404
403
403
403
403
404
404
404
404
404
404
404
404
404
403
403
403
402
402
403
403
402
403
404
405
404
404
405
405
404
404
404
404
403
403
403
402
401
400
400
401
400
400
401
400
400
400
400
401
400
399
400
400
401
401
401
402
402
401
402
402
402
401
401
401
401
401
402
402
402
403
403
402
402
402
402
402
402
401
401
400
400
400
401
400
399
398
399
398
398
397
396
395
395
395
395
394
394
394
394
393
393
392
392
392
392
391
390
389
389
389
388
389
389
389
389
390
389
389
390
389
388
389
389
390
389
388
388
388
389
389
388
389
389
388
387
386
385
384
383
382
382
382
382
382
381
381
381
380
381
380
380
380
381
381
381
381
381
382
381
381
381
382
383
382
381
381
382
383
384
383
382
382
382
381
381
381
381
382
381
381
380
380
379
379
378
378
378
377
376
376
376
376
376
376
375
374
374
373
373
373
372
371
371
370
371
370
371
371
371
371
372
372
372
371
371
370
369
369
369
369
370
370
370
369
369
369
368
368
368
368
368
369
369
368
368
367
367
367
366
367
366
365
364
363
363
362
361
362
361
360
359
360
359
359
358
358
358
359
358
358
357
356
356
355
356
355
355
354
355
355
355
355
356
356
356
356
356
357
358
357
357
357
356
356
355
355
355
355
354
354
355
354
355
354
355
355
355
355
354
353
354
354
355
356
356
355
355
355
354
353
353
353
352
352
351
351
351
350
351
351
350
349
348
349
349
348
348
347
346
346
346
346
345
344
343
344
345
345
344
343
342
342
342
342
341
341
341
341
340
340
339
338
337
337
336
336
335
336
335
334
334
335
334
334
333
332
332
331
331
331
331
331
331
331
332
332
331
331
332
333
334
333
333
332
333
333
332
332
331
331
330
330
329
330
330
330
330
330
331
330
329
328
327
328
327
327
327
327
327
326
327
327
327
328
328
328
328
327
327
328
328
328
328
328
328
328
327
326
327
327
327
328
328
328
328
328
329
328
328
327
326
327
328
327
327
326
325
325
324
323
