236
236
235
235
235
234
233
232
231
231
230
230
230
229
229
229
229
229
228
228
228
227
226
225
225
225
225
224
224
224
224
223
223
222
221
220
220
220
219
220
220
220
220
220
220
220
219
218
218
217
216
216
215
215
215
214
214
213
214
213
213
212
213
212
211
210
209
208
208
208
208
208
207
206
205
205
204
204
203
203
203
202
201
201
200
199
199
198
197
196
195
194
194
193
192
191
190
189
188
188
187
187
187
187
187
186
186
185
185
184
184
183
183
183
182
181
180
180
180
180
180
180
181
180
180
180
180
179
178
178
178
178
177
177
176
176
176
176
176
175
174
174
173
173
173
172
171
171
170
170
170
169
169
169
168
168
167
167
167
166
166
165
164
163
163
162
161
160
159
159
159
159
158
157
157
156
155
154
153
152
152
152
152
151
150
149
149
148
147
147
146
147
147
147
146
145
144
143
142
142
143
142
142
141
140
140
140
139
139
138
138
138
138
137
136
136
136
135
135
134
133
132
131
130
130
130
129
129
128
128
127
126
126
126
125
124
124
124
124
124
123
122
122
122
122
121
120
120
119
119
119
118
118
117
116
116
115
115
114
114
114
113
114
114
113
113
113
113
113
113
112
112
111
110
109
108
108
107
106
106
106
105
104
104
104
103
102
101
101
100
99
99
98
98
98
98
97
97
97
97
98
97
96
95
95
94
94
93
92
91
91
91
90
90
89
89
89
89
89
88
88
87
86
85
84
84
84
83
82
82
82
82
81
81
81
81
80
79
79
79
79
78
78
78
78
78
78
77
76
75
74
74
74
73
74
74
74
73
73
74
74
74
74
73
72
72
71
71
70
69
68
67
67
67
68
67
66
67
66
67
66
66
66
66
66
66
66
65
64
63
62
61
60
60
59
59
58
58
57
57
56
56
55
55
55
55
56
55
54
53
52
51
50
50
49
48
48
48
48
48
48
48
48
47
47
46
46
46
46
45
44
45
45
44
43
43
42
42
42
42
41
41
40
40
39
39
38
38
37
37
36
36
35
34
34
34
34
33
32
32
31
32
31
30
30
30
30
29
28
28
28
27
27
27
27
26
26
26
25
25
24
23
23
23
22
22
21
21
21
20
20
19
18
18
17
17
16
17
18
17
